67.33333333333333
68.0
66.33333333333333
52.333333333333336
69.66666666666667
62.666666666666664
50.666666666666664
65.66666666666667
73.0
64.66666666666667
73.66666666666667
60.666666666666664
64.33333333333333
59.0
51.666666666666664
67.66666666666667
54.666666666666664
70.66666666666667
54.0
53.333333333333336
67.0
72.0
59.333333333333336
35.333333333333336
45.666666666666664
80.66666666666667
51.0
67.0
59.333333333333336
75.66666666666667
48.666666666666664
60.666666666666664
77.33333333333333
55.0
45.0
61.666666666666664
50.666666666666664
35.666666666666664
38.333333333333336
72.33333333333333
53.0
63.0
83.66666666666667
56.666666666666664
60.0
75.0
50.666666666666664
64.33333333333333
77.33333333333333
44.666666666666664
67.66666666666667
53.333333333333336
67.33333333333333
59.666666666666664
70.66666666666667
50.666666666666664
48.333333333333336
57.666666666666664
53.0
42.666666666666664
51.333333333333336
50.0
65.66666666666667
56.0
61.0
68.66666666666667
49.333333333333336
72.33333333333333
64.66666666666667
62.666666666666664
53.0
64.0
59.333333333333336
47.0
35.666666666666664
54.666666666666664
72.33333333333333
45.333333333333336
46.0
65.33333333333333
46.666666666666664
74.33333333333333
43.666666666666664
50.0
70.33333333333333
74.66666666666667
70.66666666666667
36.666666666666664
51.0
47.0
65.33333333333333
59.68131868131868 56.53846153846154 61.21978021978022